50 10
10 3
100 16
103 16
2 1
3 1
4 1
5 1
6 2
7 2
8 2
9 3
11 3
12 3
13 3
14 4
15 4
16 4
17 4
18 4
19 5
20 5
21 5
22 5
23 5
24 6
26 6
27 6
28 6
29 7
30 7
31 7
32 7
33 7
34 7
35 8
36 8
37 8
38 8
39 8
40 8
41 8
42 9
43 9
44 9
45 9
46 9
47 9
48 10
49 10
51 10
52 10
53 10
54 10
55 11
56 11
57 11
58 11
59 11
60 11
61 11
62 11
63 12
64 12
65 12
66 12
67 12
68 12
69 12
70 13
71 13
72 13
73 13
74 13
75 13
76 13
77 13
78 14
79 14
80 14
81 14
82 14
83 14
84 14
85 14
86 15
87 15
88 15
89 15
90 15
91 15
92 15
93 15
25 6
